5 0.312012 0.515137 0.043945 0.022461
5 0.498047 0.711914 0.046875 0.017578
5 0.407715 0.631348 0.034180 0.022461
5 0.400391 0.756348 0.052734 0.018555
5 0.657715 0.788574 0.041992 0.014648
5 0.555664 0.855469 0.039062 0.015625
5 0.896973 0.924805 0.038086 0.042969
5 0.302734 0.777344 0.027344 0.037109
5 0.215820 0.766602 0.048828 0.019531
5 0.293457 0.818359 0.024414 0.015625
5 0.376953 0.902344 0.023438 0.031250
5 0.171875 0.768066 0.033203 0.020508
5 0.017578 0.490723 0.031250 0.024414
5 0.214355 0.275879 0.041992 0.018555
5 0.508301 0.149414 0.034180 0.019531
5 0.475586 0.126953 0.041016 0.031250
5 0.468750 0.279297 0.023438 0.033203
5 0.412598 0.746094 0.030273 0.011719
