5 0.312012 0.009766 0.022461 0.019531
5 0.361328 0.010254 0.046875 0.020508
5 0.349609 0.041016 0.062500 0.041016
5 0.280273 0.045898 0.050781 0.050781
5 0.431152 0.069336 0.053711 0.033203
5 0.324707 0.098145 0.041992 0.014648
5 0.318848 0.117676 0.075195 0.043945
5 0.332520 0.140625 0.041992 0.025391
5 0.303711 0.159180 0.054688 0.029297
5 0.382812 0.175293 0.070312 0.063477
5 0.366699 0.187988 0.043945 0.038086
5 0.352051 0.202148 0.038086 0.050781
5 0.384766 0.226562 0.035156 0.019531
5 0.396973 0.247559 0.075195 0.036133
5 0.391602 0.271973 0.048828 0.028320
5 0.351562 0.253418 0.021484 0.043945
5 0.328613 0.271484 0.045898 0.085938
5 0.147949 0.287598 0.032227 0.063477
