5 0.823730 0.546387 0.038086 0.020508
5 0.834473 0.561523 0.049805 0.023438
5 0.821777 0.583984 0.055664 0.039062
5 0.782227 0.574219 0.042969 0.025391
5 0.855957 0.622070 0.051758 0.041016
5 0.846680 0.649902 0.042969 0.020508
5 0.871582 0.668945 0.032227 0.027344
5 0.898438 0.653809 0.054688 0.026367
5 0.889160 0.690430 0.043945 0.037109
5 0.949707 0.672363 0.047852 0.024414
5 0.953613 0.727051 0.034180 0.045898
5 0.943359 0.764160 0.013672 0.026367
5 0.985352 0.767578 0.029297 0.041016
5 0.972656 0.810059 0.019531 0.047852
5 0.979980 0.848145 0.018555 0.036133
5 0.743164 0.598633 0.031250 0.046875
