5 0.659180 0.014648 0.035156 0.021484
5 0.530762 0.221191 0.032227 0.026367
5 0.770996 0.249023 0.022461 0.033203
5 0.657227 0.284668 0.023438 0.022461
5 0.590820 0.302734 0.025391 0.031250
5 0.396973 0.343750 0.026367 0.019531
5 0.740723 0.399414 0.049805 0.023438
5 0.874023 0.533691 0.035156 0.018555
5 0.695801 0.700684 0.038086 0.026367
5 0.600586 0.831543 0.021484 0.024414
5 0.626465 0.854980 0.018555 0.016602
5 0.705566 0.931641 0.040039 0.037109
5 0.697266 0.918457 0.009766 0.016602
5 0.666992 0.959961 0.019531 0.027344
5 0.557129 0.930176 0.020508 0.043945
5 0.569336 0.945312 0.009766 0.021484
5 0.417480 0.336426 0.022461 0.016602
