5 0.729492 0.270020 0.046875 0.061523
5 0.712402 0.206543 0.018555 0.028320
5 0.666504 0.307617 0.049805 0.031250
5 0.655273 0.365723 0.054688 0.043945
5 0.712891 0.356445 0.054688 0.066406
5 0.757812 0.357422 0.064453 0.027344
5 0.922363 0.332031 0.034180 0.080078
5 0.801758 0.396484 0.066406 0.039062
5 0.860840 0.410156 0.094727 0.029297
5 0.854004 0.435547 0.063477 0.021484
5 0.875000 0.483398 0.076172 0.031250
5 0.815918 0.518066 0.073242 0.045898
5 0.805664 0.538574 0.056641 0.034180
5 0.777832 0.550293 0.040039 0.014648
5 0.822266 0.573242 0.070312 0.027344
