5 0.154297 0.460938 0.013672 0.025391
5 0.163086 0.548828 0.019531 0.025391
5 0.155273 0.552734 0.009766 0.021484
5 0.122559 0.502441 0.020508 0.030273
5 0.107422 0.540527 0.019531 0.034180
5 0.068359 0.541504 0.023438 0.030273
5 0.493652 0.357422 0.014648 0.031250
5 0.337402 0.347168 0.024414 0.022461
5 0.755371 0.269043 0.012695 0.026367
5 0.787109 0.288086 0.019531 0.019531
5 0.868164 0.027832 0.019531 0.032227
5 0.854492 0.649902 0.027344 0.020508
5 0.769531 0.794922 0.029297 0.031250
5 0.781738 0.837891 0.018555 0.011719
5 0.812988 0.851562 0.024414 0.017578
5 0.782227 0.895508 0.021484 0.029297
5 0.756836 0.898926 0.035156 0.020508
