5 0.900879 0.024902 0.026367 0.049805
5 0.897949 0.068848 0.020508 0.041992
5 0.879395 0.164062 0.047852 0.066406
5 0.912109 0.276855 0.072266 0.026367
5 0.903809 0.315918 0.022461 0.040039
5 0.854980 0.322754 0.084961 0.043945
5 0.839355 0.351074 0.063477 0.047852
5 0.848145 0.360352 0.038086 0.021484
5 0.869141 0.480957 0.054688 0.086914
5 0.859375 0.537109 0.025391 0.046875
5 0.775391 0.566895 0.037109 0.038086
5 0.893066 0.673340 0.077148 0.059570
5 0.535156 0.467773 0.064453 0.029297
5 0.057617 0.332520 0.056641 0.041992
