5 0.439453 0.782715 0.046875 0.030273
5 0.312012 0.311523 0.034180 0.015625
5 0.293945 0.173828 0.029297 0.019531
5 0.247070 0.137695 0.039062 0.029297
5 0.182129 0.222656 0.018555 0.029297
5 0.160645 0.205566 0.026367 0.030273
5 0.104980 0.137695 0.038086 0.023438
5 0.079590 0.108398 0.032227 0.039062
5 0.180664 0.050781 0.023438 0.013672
5 0.168945 0.062988 0.042969 0.018555
5 0.349121 0.139160 0.022461 0.018555
5 0.342773 0.181152 0.019531 0.040039
5 0.727539 0.216309 0.033203 0.018555
5 0.784180 0.311523 0.027344 0.015625
5 0.985352 0.016602 0.029297 0.019531
5 0.989746 0.105469 0.020508 0.033203
5 0.959473 0.141602 0.043945 0.029297
5 0.214844 0.108398 0.031250 0.021484
