5 0.293945 0.923828 0.029297 0.019531
5 0.247070 0.887695 0.039062 0.029297
5 0.182129 0.972656 0.018555 0.029297
5 0.160645 0.955566 0.026367 0.030273
5 0.104980 0.887695 0.038086 0.023438
5 0.079590 0.858398 0.032227 0.039062
5 0.180664 0.800781 0.023438 0.013672
5 0.168945 0.812988 0.042969 0.018555
5 0.349121 0.889160 0.022461 0.018555
5 0.342773 0.931152 0.019531 0.040039
5 0.727539 0.966309 0.033203 0.018555
5 0.985352 0.766602 0.029297 0.019531
5 0.989746 0.855469 0.020508 0.033203
5 0.959473 0.891602 0.043945 0.029297
5 0.214844 0.858398 0.031250 0.021484
