5 0.337891 0.458008 0.025391 0.052734
5 0.691895 0.491211 0.024414 0.042969
5 0.785645 0.477051 0.026367 0.040039
5 0.820801 0.449219 0.028320 0.031250
5 0.833008 0.397461 0.015625 0.035156
5 0.894043 0.721680 0.034180 0.039062
5 0.906250 0.761230 0.015625 0.030273
5 0.871094 0.725586 0.015625 0.029297
5 0.708496 0.824707 0.026367 0.032227
5 0.705078 0.916992 0.015625 0.025391
5 0.817383 0.944336 0.039062 0.029297
5 0.921875 0.177246 0.021484 0.034180
5 0.906738 0.206543 0.032227 0.032227
5 0.856934 0.635254 0.028320 0.026367
