5 0.266602 0.865723 0.031250 0.024414
5 0.520508 0.759766 0.041016 0.019531
5 0.585938 0.811523 0.019531 0.027344
5 0.640137 0.807129 0.036133 0.036133
5 0.497070 0.604004 0.015625 0.024414
5 0.565918 0.594727 0.022461 0.029297
5 0.559082 0.559570 0.010742 0.025391
5 0.437988 0.206055 0.020508 0.027344
5 0.417969 0.277344 0.015625 0.017578
5 0.374512 0.251953 0.022461 0.017578
5 0.466797 0.040527 0.015625 0.022461
5 0.746582 0.121094 0.020508 0.037109
5 0.504883 0.770508 0.019531 0.009766
5 0.267090 0.885254 0.030273 0.022461
