5 0.293457 0.056152 0.016602 0.030273
5 0.353516 0.144043 0.031250 0.026367
5 0.493652 0.130859 0.014648 0.027344
5 0.453125 0.182617 0.013672 0.023438
5 0.429688 0.187500 0.015625 0.031250
5 0.410645 0.037598 0.014648 0.026367
5 0.752441 0.588867 0.016602 0.031250
5 0.630371 0.672363 0.024414 0.036133
5 0.298340 0.875488 0.016602 0.032227
5 0.195312 0.689941 0.019531 0.024414
5 0.168457 0.686035 0.032227 0.018555
5 0.146973 0.690430 0.016602 0.013672
5 0.146484 0.711914 0.021484 0.019531
5 0.099609 0.730469 0.025391 0.011719
5 0.096191 0.774414 0.016602 0.019531
5 0.399902 0.197266 0.014648 0.015625
