5 0.913086 0.012207 0.031250 0.014648
5 0.786133 0.169922 0.015625 0.029297
5 0.979980 0.263672 0.012695 0.027344
5 0.840332 0.256836 0.036133 0.017578
5 0.947754 0.320801 0.012695 0.024414
5 0.913574 0.309082 0.016602 0.032227
5 0.894531 0.327148 0.013672 0.015625
5 0.924805 0.306641 0.009766 0.017578
5 0.673340 0.796387 0.024414 0.026367
5 0.645996 0.793945 0.036133 0.019531
5 0.625488 0.793945 0.016602 0.011719
5 0.625000 0.818848 0.021484 0.018555
5 0.572754 0.832031 0.028320 0.013672
5 0.571777 0.874512 0.014648 0.020508
