5 0.630371 0.949707 0.038086 0.059570
5 0.511719 0.834961 0.052734 0.042969
5 0.499023 0.764648 0.068359 0.035156
5 0.417480 0.781250 0.047852 0.031250
5 0.424805 0.841309 0.044922 0.032227
5 0.356445 0.866699 0.025391 0.069336
5 0.310059 0.707520 0.063477 0.034180
5 0.207031 0.783203 0.068359 0.044922
5 0.167480 0.727051 0.043945 0.032227
5 0.067383 0.708496 0.064453 0.030273
5 0.074707 0.793457 0.069336 0.026367
5 0.028320 0.580078 0.048828 0.039062
5 0.017578 0.484375 0.027344 0.023438
5 0.186523 0.987305 0.056641 0.025391
