5 0.982910 0.262695 0.034180 0.025391
5 0.830078 0.333008 0.027344 0.046875
5 0.797363 0.372070 0.067383 0.044922
5 0.970703 0.477539 0.058594 0.042969
5 0.904297 0.457520 0.035156 0.055664
5 0.869629 0.507812 0.028320 0.017578
5 0.828125 0.492676 0.066406 0.032227
5 0.811523 0.522461 0.029297 0.033203
5 0.654297 0.361328 0.039062 0.050781
5 0.453613 0.484863 0.067383 0.026367
5 0.533203 0.541992 0.056641 0.025391
5 0.520020 0.595703 0.067383 0.044922
5 0.526855 0.653809 0.049805 0.022461
5 0.985352 0.601562 0.029297 0.068359
5 0.996094 0.740234 0.007812 0.054688
5 0.904297 0.745605 0.027344 0.043945
5 0.961914 0.811523 0.044922 0.050781
5 0.954590 0.883789 0.036133 0.056641
5 0.830566 0.835938 0.083008 0.037109
5 0.721191 0.852051 0.034180 0.036133
5 0.744629 0.901855 0.038086 0.024414
5 0.777344 0.937500 0.050781 0.037109
5 0.753418 0.983398 0.051758 0.033203
