5 0.253418 0.008789 0.022461 0.017578
5 0.154297 0.008789 0.027344 0.017578
5 0.306152 0.068848 0.038086 0.041992
5 0.211914 0.061523 0.044922 0.050781
5 0.204590 0.133789 0.036133 0.056641
5 0.080566 0.085938 0.083008 0.037109
5 0.006836 0.151855 0.013672 0.024414
5 0.027344 0.187500 0.050781 0.037109
5 0.014648 0.241699 0.029297 0.049805
5 0.200684 0.328613 0.063477 0.034180
5 0.235840 0.392090 0.067383 0.034180
5 0.306641 0.428711 0.074219 0.035156
5 0.265137 0.450684 0.036133 0.047852
5 0.371582 0.513184 0.059570 0.053711
5 0.204590 0.456055 0.055664 0.037109
5 0.110352 0.413574 0.048828 0.063477
5 0.168457 0.485840 0.086914 0.036133
5 0.157227 0.507812 0.035156 0.019531
5 0.155762 0.534180 0.043945 0.027344
5 0.036133 0.454590 0.072266 0.028320
