5 0.769043 0.924316 0.059570 0.041992
5 0.744629 0.922852 0.045898 0.027344
5 0.728027 0.946777 0.032227 0.026367
5 0.724609 0.965332 0.033203 0.030273
5 0.693848 0.971191 0.040039 0.038086
5 0.701172 0.872559 0.048828 0.036133
5 0.671875 0.899902 0.025391 0.022461
5 0.695312 0.767090 0.056641 0.030273
5 0.634277 0.749512 0.057617 0.034180
5 0.599609 0.724121 0.027344 0.028320
5 0.570801 0.724121 0.040039 0.020508
5 0.621094 0.690430 0.048828 0.068359
5 0.584473 0.679688 0.036133 0.021484
5 0.599609 0.635742 0.031250 0.031250
5 0.558105 0.632812 0.053711 0.021484
5 0.568848 0.659180 0.051758 0.031250
5 0.532227 0.673340 0.037109 0.026367
5 0.491211 0.670410 0.056641 0.051758
