1 0.171875 0.090332 0.039062 0.051758
1 0.085449 0.106445 0.047852 0.103516
1 0.028320 0.127441 0.056641 0.073242
1 0.027832 0.079590 0.055664 0.077148
1 0.961426 0.073242 0.077148 0.080078
1 0.755859 0.078125 0.056641 0.095703
1 0.915527 0.206543 0.084961 0.098633
1 0.573730 0.520020 0.071289 0.047852
1 0.553711 0.601074 0.056641 0.088867
1 0.525879 0.630371 0.043945 0.065430
1 0.500488 0.648438 0.049805 0.107422
1 0.497070 0.740723 0.054688 0.043945
1 0.537598 0.827637 0.067383 0.081055
1 0.615723 0.979980 0.077148 0.040039
1 0.602051 0.988281 0.122070 0.023438
1 0.977051 0.646484 0.045898 0.050781
1 0.945801 0.681152 0.069336 0.088867
