1 0.060547 0.126953 0.060547 0.070312
1 0.111328 0.157227 0.082031 0.060547
1 0.106934 0.122559 0.047852 0.036133
1 0.294922 0.093750 0.050781 0.031250
1 0.311523 0.142578 0.074219 0.082031
1 0.221680 0.156250 0.064453 0.066406
1 0.222656 0.237305 0.044922 0.062500
1 0.257812 0.227051 0.046875 0.088867
1 0.308105 0.246094 0.061523 0.091797
1 0.289551 0.416992 0.043945 0.076172
1 0.035156 0.465820 0.070312 0.044922
1 0.593750 0.190918 0.058594 0.090820
1 0.913574 0.222168 0.092773 0.049805
1 0.861328 0.209473 0.017578 0.026367
1 0.846191 0.245605 0.067383 0.090820
1 0.909180 0.280273 0.080078 0.078125
1 0.943848 0.302246 0.041992 0.073242
1 0.872070 0.313477 0.078125 0.046875
1 0.811523 0.311035 0.085938 0.069336
1 0.762695 0.295410 0.027344 0.026367
1 0.754883 0.345215 0.097656 0.051758
1 0.806152 0.375488 0.047852 0.049805
1 0.770020 0.418457 0.061523 0.055664
1 0.831543 0.408691 0.055664 0.067383
1 0.794434 0.468750 0.043945 0.044922
1 0.892090 0.433105 0.061523 0.092773
1 0.899902 0.458984 0.061523 0.052734
1 0.930664 0.491211 0.062500 0.083984
1 0.979492 0.468262 0.041016 0.098633
1 0.843750 0.568848 0.062500 0.118164
1 0.899414 0.560547 0.074219 0.072266
1 0.901367 0.602539 0.060547 0.062500
1 0.965820 0.581055 0.064453 0.095703
1 0.804199 0.689941 0.069336 0.094727
1 0.660156 0.737305 0.097656 0.050781
1 0.589844 0.738770 0.052734 0.024414
1 0.921875 0.840332 0.039062 0.051758
1 0.835449 0.856445 0.047852 0.103516
1 0.772461 0.877441 0.068359 0.073242
1 0.758789 0.829590 0.093750 0.077148
