1 0.303223 0.539062 0.081055 0.072266
1 0.270996 0.508301 0.051758 0.049805
1 0.433105 0.145508 0.106445 0.082031
1 0.240723 0.160645 0.090820 0.047852
1 0.260254 0.202148 0.079102 0.046875
1 0.279785 0.269531 0.069336 0.107422
1 0.107422 0.197266 0.064453 0.072266
1 0.196289 0.324219 0.044922 0.068359
1 0.135742 0.286621 0.109375 0.049805
1 0.169434 0.345215 0.069336 0.057617
1 0.107422 0.341309 0.054688 0.059570
1 0.036133 0.297852 0.060547 0.068359
1 0.072754 0.323730 0.071289 0.063477
1 0.154297 0.396973 0.093750 0.045898
1 0.062012 0.395508 0.094727 0.070312
