1 0.163574 0.222168 0.092773 0.049805
1 0.111328 0.209473 0.017578 0.026367
1 0.096191 0.245605 0.067383 0.090820
1 0.159180 0.280273 0.080078 0.078125
1 0.193848 0.302246 0.041992 0.073242
1 0.122070 0.313477 0.078125 0.046875
1 0.061523 0.311035 0.085938 0.069336
1 0.013184 0.295410 0.026367 0.026367
1 0.026855 0.345215 0.053711 0.051758
1 0.056152 0.375488 0.047852 0.049805
1 0.025391 0.418457 0.050781 0.055664
1 0.081543 0.408691 0.055664 0.067383
1 0.044434 0.468750 0.043945 0.044922
1 0.142090 0.433105 0.061523 0.092773
1 0.149902 0.458984 0.061523 0.052734
1 0.180664 0.491211 0.062500 0.083984
1 0.284180 0.461914 0.044922 0.050781
1 0.240723 0.468262 0.063477 0.098633
1 0.093750 0.568848 0.062500 0.118164
1 0.149414 0.560547 0.074219 0.072266
1 0.151367 0.602539 0.060547 0.062500
1 0.215820 0.581055 0.064453 0.095703
1 0.054199 0.689941 0.069336 0.094727
1 0.171875 0.840332 0.039062 0.051758
1 0.085449 0.856445 0.047852 0.103516
1 0.028320 0.877441 0.056641 0.073242
1 0.027832 0.829590 0.055664 0.077148
1 0.985840 0.647949 0.028320 0.047852
1 0.944336 0.707520 0.093750 0.055664
1 0.750000 0.723145 0.097656 0.065430
1 0.984375 0.770020 0.031250 0.077148
1 0.961426 0.823242 0.077148 0.080078
1 0.755859 0.828125 0.056641 0.095703
1 0.915527 0.953613 0.084961 0.092773
