1 0.565918 0.064941 0.086914 0.083008
1 0.626953 0.111816 0.082031 0.061523
1 0.651367 0.177246 0.078125 0.061523
1 0.697266 0.236816 0.091797 0.088867
1 0.621094 0.220215 0.060547 0.088867
1 0.555176 0.202148 0.065430 0.087891
1 0.496582 0.219727 0.077148 0.066406
1 0.384766 0.184082 0.074219 0.045898
1 0.421387 0.215332 0.061523 0.094727
1 0.472168 0.256836 0.084961 0.062500
1 0.526367 0.307129 0.066406 0.043945
1 0.557129 0.268555 0.075195 0.042969
1 0.453613 0.303711 0.043945 0.093750
1 0.706543 0.390625 0.094727 0.046875
1 0.810547 0.126953 0.060547 0.070312
1 0.861328 0.157227 0.082031 0.060547
1 0.856934 0.122559 0.047852 0.036133
1 0.969727 0.156250 0.060547 0.066406
1 0.972656 0.237305 0.044922 0.062500
1 0.992188 0.227051 0.015625 0.088867
1 0.767090 0.465820 0.106445 0.044922
