1 0.021973 0.297852 0.043945 0.048828
1 0.336914 0.148438 0.117188 0.068359
1 0.276367 0.193359 0.083984 0.072266
1 0.326660 0.271973 0.108398 0.061523
1 0.294922 0.410645 0.101562 0.106445
1 0.524414 0.422363 0.123047 0.059570
1 0.901367 0.521484 0.121094 0.082031
1 0.425293 0.575195 0.106445 0.062500
1 0.395996 0.610840 0.114258 0.069336
1 0.208984 0.629395 0.093750 0.094727
1 0.062012 0.666016 0.112305 0.070312
1 0.173828 0.714355 0.070312 0.081055
1 0.456543 0.746582 0.104492 0.075195
1 0.367188 0.756348 0.105469 0.083008
