1 0.408691 0.545410 0.090820 0.069336
1 0.224121 0.572266 0.094727 0.052734
1 0.085449 0.609375 0.063477 0.070312
1 0.239258 0.614746 0.078125 0.051758
1 0.260254 0.681641 0.059570 0.095703
1 0.112793 0.697754 0.118164 0.055664
1 0.023438 0.713379 0.046875 0.063477
1 0.177734 0.740234 0.048828 0.052734
1 0.147949 0.760254 0.067383 0.047852
1 0.093262 0.736328 0.038086 0.033203
1 0.088867 0.764160 0.052734 0.043945
1 0.050781 0.734375 0.080078 0.058594
1 0.044434 0.806641 0.088867 0.082031
1 0.134766 0.808105 0.097656 0.073242
1 0.251465 0.917969 0.053711 0.042969
1 0.281250 0.946289 0.078125 0.080078
