1 0.160156 0.169922 0.070312 0.042969
1 0.030273 0.887695 0.060547 0.046875
1 0.963379 0.572266 0.073242 0.052734
1 0.835449 0.609375 0.063477 0.070312
1 0.975098 0.614746 0.049805 0.051758
1 0.990234 0.681641 0.019531 0.095703
1 0.862793 0.697754 0.118164 0.055664
1 0.763672 0.713379 0.066406 0.063477
1 0.927734 0.740234 0.048828 0.052734
1 0.897949 0.760254 0.067383 0.047852
1 0.843262 0.736328 0.038086 0.033203
1 0.838867 0.764160 0.052734 0.043945
1 0.800781 0.734375 0.080078 0.058594
1 0.789062 0.806641 0.099609 0.082031
1 0.884766 0.808105 0.097656 0.073242
1 0.987305 0.917969 0.025391 0.042969
