1 0.344238 0.017578 0.067383 0.035156
1 0.260742 0.029297 0.083984 0.058594
1 0.226562 0.073242 0.107422 0.080078
1 0.017090 0.078125 0.034180 0.095703
1 0.165527 0.206543 0.084961 0.098633
1 0.228516 0.646484 0.048828 0.050781
1 0.195801 0.681152 0.069336 0.088867
1 0.487305 0.547363 0.093750 0.065430
1 0.565430 0.497070 0.091797 0.039062
1 0.549805 0.635254 0.107422 0.051758
1 0.596191 0.827148 0.088867 0.080078
1 0.643066 0.898926 0.110352 0.073242
1 0.607422 0.932617 0.103516 0.064453
1 0.434082 0.958496 0.098633 0.077148
1 0.289062 0.981934 0.091797 0.036133
1 0.903809 0.696777 0.124023 0.053711
