1 0.359375 0.120605 0.062500 0.090820
1 0.281250 0.235352 0.097656 0.076172
1 0.226074 0.334473 0.104492 0.075195
1 0.175781 0.421387 0.089844 0.041992
1 0.195312 0.500488 0.078125 0.047852
1 0.328125 0.480957 0.058594 0.077148
1 0.355469 0.532715 0.044922 0.049805
1 0.302246 0.540527 0.030273 0.047852
1 0.423828 0.612305 0.062500 0.089844
1 0.308105 0.755371 0.061523 0.092773
1 0.275879 0.636719 0.077148 0.031250
1 0.291504 0.677734 0.043945 0.068359
1 0.195801 0.608887 0.077148 0.059570
1 0.206055 0.676758 0.044922 0.058594
1 0.164062 0.687012 0.058594 0.092773
1 0.181641 0.778320 0.078125 0.082031
1 0.240234 0.893555 0.109375 0.054688
1 0.231934 0.961426 0.075195 0.077148
