1 0.872559 0.121094 0.102539 0.080078
1 0.947754 0.208496 0.084961 0.083008
1 0.825684 0.165527 0.100586 0.063477
1 0.857910 0.208984 0.069336 0.056641
1 0.788574 0.198242 0.104492 0.072266
1 0.901367 0.263184 0.109375 0.071289
1 0.954590 0.320312 0.073242 0.085938
1 0.881836 0.310547 0.087891 0.083984
1 0.851074 0.311523 0.067383 0.082031
1 0.764648 0.287109 0.070312 0.099609
1 0.709961 0.300293 0.044922 0.086914
1 0.794922 0.349609 0.048828 0.095703
1 0.858398 0.394043 0.080078 0.092773
1 0.649902 0.539062 0.112305 0.056641
1 0.674805 0.604492 0.095703 0.080078
1 0.562500 0.599121 0.128906 0.061523
1 0.582031 0.648926 0.115234 0.045898
1 0.600586 0.703125 0.119141 0.072266
1 0.675293 0.761719 0.067383 0.093750
1 0.622559 0.777832 0.084961 0.102539
1 0.319336 0.652344 0.066406 0.082031
