1 0.976562 0.125977 0.046875 0.046875
1 0.827637 0.243164 0.069336 0.039062
1 0.725586 0.022949 0.066406 0.045898
1 0.654297 0.031738 0.041016 0.053711
1 0.596680 0.128418 0.054688 0.049805
1 0.402344 0.334961 0.054688 0.062500
1 0.327637 0.366699 0.032227 0.084961
1 0.671387 0.404785 0.041992 0.098633
1 0.721191 0.460938 0.077148 0.033203
1 0.437500 0.585449 0.076172 0.043945
1 0.611816 0.692871 0.083008 0.045898
1 0.227051 0.502930 0.090820 0.037109
1 0.078613 0.441406 0.059570 0.082031
1 0.133301 0.638184 0.034180 0.077148
1 0.249023 0.673340 0.070312 0.026367
1 0.017578 0.708496 0.035156 0.081055
1 0.179199 0.799316 0.038086 0.069336
1 0.229492 0.812988 0.025391 0.038086
1 0.320312 0.826172 0.064453 0.068359
1 0.910156 0.534180 0.050781 0.060547
