1 0.669434 0.748047 0.045898 0.089844
1 0.458496 0.984863 0.034180 0.030273
1 0.422852 0.904785 0.042969 0.049805
1 0.329102 0.932129 0.058594 0.075195
1 0.302246 0.710449 0.026367 0.083008
1 0.224121 0.752930 0.034180 0.064453
1 0.083496 0.779785 0.034180 0.049805
1 0.051270 0.850586 0.057617 0.085938
1 0.487793 0.531250 0.040039 0.083984
1 0.479492 0.463379 0.048828 0.094727
1 0.292969 0.366699 0.042969 0.077148
1 0.832520 0.204590 0.040039 0.090820
1 0.487305 0.151367 0.035156 0.052734
1 0.435547 0.162598 0.042969 0.104492
1 0.379395 0.206055 0.055664 0.037109
