1 0.491211 0.062988 0.039062 0.071289
1 0.425293 0.039551 0.024414 0.036133
1 0.349121 0.194336 0.073242 0.037109
1 0.227051 0.214844 0.079102 0.050781
1 0.039551 0.154297 0.057617 0.076172
1 0.092773 0.275391 0.048828 0.052734
1 0.060059 0.264160 0.030273 0.040039
1 0.081543 0.388184 0.057617 0.075195
1 0.051758 0.506348 0.083984 0.065430
1 0.458008 0.471191 0.083984 0.053711
1 0.987793 0.413086 0.024414 0.085938
1 0.840820 0.235840 0.039062 0.084961
1 0.743164 0.309082 0.046875 0.083008
1 0.835449 0.412109 0.034180 0.052734
