1 0.968750 0.214844 0.062500 0.050781
1 0.789551 0.154297 0.057617 0.076172
1 0.842773 0.275391 0.048828 0.052734
1 0.810059 0.264160 0.030273 0.040039
1 0.674805 0.280762 0.058594 0.077148
1 0.534668 0.209961 0.053711 0.064453
1 0.402832 0.104492 0.083008 0.068359
1 0.162109 0.120605 0.062500 0.084961
1 0.390137 0.258301 0.055664 0.051758
1 0.460938 0.321289 0.080078 0.068359
1 0.621094 0.346680 0.056641 0.080078
1 0.831543 0.388184 0.057617 0.075195
1 0.801758 0.506348 0.083984 0.065430
1 0.486816 0.433594 0.086914 0.042969
1 0.190918 0.407715 0.086914 0.069336
1 0.024414 0.460449 0.048828 0.086914
