5 0.246582 0.314453 0.065430 0.027344
5 0.312012 0.325684 0.022461 0.055664
5 0.361328 0.338379 0.046875 0.032227
5 0.349609 0.375000 0.062500 0.041016
5 0.280273 0.379883 0.050781 0.050781
5 0.431152 0.403320 0.053711 0.033203
5 0.324707 0.432129 0.041992 0.014648
5 0.318848 0.451660 0.075195 0.043945
5 0.332520 0.474609 0.041992 0.025391
5 0.303711 0.493164 0.054688 0.029297
5 0.382812 0.509277 0.070312 0.063477
5 0.366699 0.521973 0.043945 0.038086
5 0.352051 0.536133 0.038086 0.050781
5 0.384766 0.560547 0.035156 0.019531
5 0.396973 0.581543 0.075195 0.036133
5 0.391602 0.605957 0.048828 0.028320
5 0.351562 0.587402 0.021484 0.043945
5 0.328613 0.605469 0.045898 0.085938
5 0.147949 0.621582 0.032227 0.063477
