5 0.836914 0.234863 0.048828 0.040039
5 0.773926 0.272949 0.028320 0.020508
5 0.588379 0.124512 0.032227 0.055664
5 0.991211 0.439453 0.017578 0.054688
5 0.626953 0.577148 0.029297 0.048828
5 0.527344 0.656738 0.025391 0.040039
5 0.461914 0.449707 0.025391 0.041992
5 0.399902 0.483887 0.026367 0.036133
5 0.358398 0.540039 0.023438 0.044922
5 0.380859 0.404785 0.031250 0.057617
5 0.289062 0.429199 0.025391 0.047852
5 0.153320 0.636719 0.023438 0.037109
5 0.107422 0.503418 0.031250 0.051758
5 0.116211 0.423828 0.035156 0.041016
5 0.092285 0.353027 0.030273 0.038086
5 0.535645 0.256836 0.016602 0.023438
5 0.435547 0.293457 0.025391 0.040039
5 0.375977 0.283203 0.039062 0.037109
5 0.352051 0.247559 0.016602 0.024414
5 0.271484 0.230957 0.025391 0.028320
5 0.369141 0.176270 0.013672 0.032227
5 0.418457 0.147461 0.024414 0.048828
5 0.366211 0.022949 0.058594 0.045898
