5 0.836914 0.547363 0.048828 0.040039
5 0.773926 0.585449 0.028320 0.020508
5 0.588379 0.437012 0.032227 0.055664
5 0.991211 0.751953 0.017578 0.054688
5 0.626953 0.889648 0.029297 0.048828
5 0.527344 0.969238 0.025391 0.040039
5 0.461914 0.762207 0.025391 0.041992
5 0.399902 0.796387 0.026367 0.036133
5 0.358398 0.852539 0.023438 0.044922
5 0.380859 0.717285 0.031250 0.057617
5 0.289062 0.741699 0.025391 0.047852
5 0.153320 0.949219 0.023438 0.037109
5 0.107422 0.815918 0.031250 0.051758
5 0.116211 0.736328 0.035156 0.041016
5 0.092285 0.665527 0.030273 0.038086
5 0.535645 0.569336 0.016602 0.023438
5 0.435547 0.605957 0.025391 0.040039
5 0.375977 0.595703 0.039062 0.037109
5 0.352051 0.560059 0.016602 0.024414
5 0.271484 0.543457 0.025391 0.028320
5 0.369141 0.488770 0.013672 0.032227
5 0.418457 0.459961 0.024414 0.048828
5 0.366211 0.332031 0.058594 0.052734
