5 0.988281 0.899414 0.023438 0.027344
5 0.851562 0.937988 0.013672 0.028320
5 0.833984 0.970703 0.031250 0.046875
5 0.754883 0.894043 0.027344 0.036133
5 0.736816 0.837891 0.024414 0.017578
5 0.933105 0.825684 0.016602 0.036133
5 0.963867 0.726562 0.017578 0.035156
5 0.656738 0.795410 0.032227 0.026367
5 0.986816 0.542969 0.026367 0.021484
5 0.599609 0.960449 0.042969 0.024414
5 0.540527 0.805664 0.034180 0.025391
5 0.542480 0.830078 0.020508 0.023438
5 0.590820 0.631836 0.029297 0.046875
5 0.554199 0.590332 0.020508 0.026367
5 0.550781 0.547852 0.031250 0.048828
5 0.603027 0.559082 0.024414 0.026367
5 0.592285 0.729492 0.024414 0.017578
