5 0.350098 0.023926 0.041992 0.032227
5 0.300293 0.058105 0.047852 0.075195
5 0.186035 0.269531 0.065430 0.046875
5 0.135742 0.269043 0.064453 0.057617
5 0.069336 0.282715 0.089844 0.036133
5 0.436035 0.416992 0.075195 0.041016
5 0.444824 0.501953 0.026367 0.074219
5 0.467773 0.570801 0.050781 0.096680
5 0.619141 0.604980 0.072266 0.036133
5 0.568848 0.658691 0.034180 0.071289
5 0.651855 0.693359 0.063477 0.076172
5 0.677246 0.718750 0.038086 0.050781
5 0.517578 0.182617 0.033203 0.052734
5 0.434082 0.140625 0.071289 0.037109
5 0.788574 0.827637 0.084961 0.045898
