5 0.399414 0.377441 0.033203 0.049805
5 0.402832 0.425781 0.020508 0.052734
5 0.383789 0.565430 0.048828 0.062500
5 0.448730 0.670410 0.063477 0.028320
5 0.415527 0.695801 0.022461 0.032227
5 0.357910 0.708984 0.088867 0.037109
5 0.345703 0.735840 0.066406 0.043945
5 0.386719 0.759766 0.033203 0.044922
5 0.081055 0.854004 0.064453 0.026367
5 0.372070 0.859863 0.042969 0.083008
5 0.366699 0.912598 0.022461 0.049805
5 0.270996 0.949707 0.026367 0.045898
5 0.896484 0.834961 0.041016 0.087891
