5 0.318359 0.048340 0.056641 0.032227
5 0.867676 0.253418 0.067383 0.034180
5 0.250977 0.262695 0.070312 0.025391
5 0.080078 0.333008 0.027344 0.046875
5 0.047363 0.372070 0.067383 0.044922
5 0.337891 0.402344 0.023438 0.052734
5 0.279785 0.411133 0.081055 0.039062
5 0.327148 0.430176 0.031250 0.026367
5 0.364746 0.459961 0.043945 0.048828
5 0.458008 0.436035 0.035156 0.049805
5 0.460449 0.491699 0.028320 0.061523
5 0.386230 0.548340 0.038086 0.079102
5 0.221191 0.477539 0.059570 0.042969
5 0.154297 0.457520 0.035156 0.055664
5 0.119629 0.507812 0.028320 0.017578
5 0.078125 0.492676 0.066406 0.032227
5 0.061523 0.522461 0.029297 0.033203
5 0.244141 0.601562 0.046875 0.068359
5 0.292969 0.609863 0.019531 0.047852
5 0.318359 0.650391 0.050781 0.046875
5 0.253418 0.740234 0.022461 0.054688
5 0.154297 0.745605 0.027344 0.043945
5 0.306152 0.818848 0.038086 0.041992
5 0.211914 0.811523 0.044922 0.050781
5 0.204590 0.883789 0.036133 0.056641
5 0.080566 0.835938 0.083008 0.037109
5 0.006836 0.901855 0.013672 0.024414
5 0.027344 0.937500 0.050781 0.037109
5 0.014648 0.983398 0.029297 0.033203
