5 0.904297 0.008789 0.027344 0.017578
5 0.961914 0.061523 0.044922 0.050781
5 0.954590 0.133789 0.036133 0.056641
5 0.830566 0.085938 0.083008 0.037109
5 0.721191 0.102051 0.034180 0.036133
5 0.744629 0.151855 0.038086 0.024414
5 0.777344 0.187500 0.050781 0.037109
5 0.753418 0.241699 0.051758 0.049805
5 0.703125 0.269043 0.050781 0.020508
5 0.725586 0.357910 0.054688 0.040039
5 0.950684 0.328613 0.063477 0.034180
5 0.976074 0.392090 0.047852 0.034180
5 0.954590 0.456055 0.055664 0.037109
5 0.860352 0.413574 0.048828 0.063477
5 0.918457 0.485840 0.086914 0.036133
5 0.907227 0.507812 0.035156 0.019531
5 0.905762 0.534180 0.043945 0.027344
5 0.784180 0.454590 0.076172 0.028320
5 0.663086 0.434570 0.052734 0.035156
5 0.643555 0.466309 0.041016 0.024414
5 0.707520 0.482422 0.061523 0.031250
5 0.700684 0.514648 0.055664 0.035156
