5 0.569824 0.693359 0.057617 0.060547
5 0.547852 0.596191 0.062500 0.055664
5 0.445801 0.529785 0.018555 0.040039
5 0.405273 0.532715 0.064453 0.026367
5 0.379395 0.605957 0.024414 0.059570
5 0.359863 0.567871 0.034180 0.084961
5 0.210938 0.464355 0.064453 0.063477
5 0.155762 0.666504 0.075195 0.053711
5 0.531738 0.168457 0.036133 0.073242
5 0.540039 0.310059 0.052734 0.077148
5 0.583008 0.234375 0.083984 0.064453
5 0.631836 0.185059 0.056641 0.059570
5 0.759277 0.291016 0.081055 0.041016
5 0.903320 0.051758 0.037109 0.017578
