0 0.330078 0.762695 0.029297 0.046875
0 0.700195 0.671387 0.042969 0.053711
0 0.741699 0.631348 0.055664 0.075195
0 0.976074 0.424316 0.047852 0.032227
0 0.985840 0.331543 0.028320 0.073242
0 0.841797 0.468750 0.027344 0.083984
0 0.846680 0.412598 0.027344 0.043945
0 0.320801 0.565430 0.034180 0.074219
0 0.412598 0.447754 0.065430 0.045898
0 0.404785 0.479980 0.040039 0.047852
0 0.315918 0.443359 0.053711 0.062500
0 0.228516 0.372070 0.031250 0.050781
0 0.845215 0.161621 0.063477 0.034180
0 0.824707 0.127930 0.032227 0.046875
