0 0.506348 0.904297 0.032227 0.068359
0 0.853027 0.786133 0.041992 0.042969
0 0.898438 0.756348 0.050781 0.073242
0 0.495605 0.721191 0.022461 0.057617
0 0.580078 0.607422 0.060547 0.054688
0 0.574219 0.625488 0.031250 0.034180
0 0.489258 0.597656 0.058594 0.046875
0 0.397461 0.536621 0.042969 0.053711
0 0.983887 0.583008 0.032227 0.070312
0 0.989258 0.531250 0.021484 0.042969
0 0.987793 0.297363 0.024414 0.026367
0 0.962891 0.269043 0.033203 0.053711
0 0.107910 0.038086 0.038086 0.076172
0 0.084473 0.036133 0.030273 0.044922
