0 0.166016 0.562500 0.044922 0.039062
0 0.226562 0.591797 0.044922 0.060547
0 0.221680 0.682129 0.044922 0.051758
0 0.306641 0.737305 0.037109 0.041016
0 0.033691 0.703125 0.049805 0.029297
0 0.012695 0.773438 0.025391 0.042969
0 0.839844 0.471191 0.039062 0.020508
0 0.864746 0.508301 0.034180 0.067383
0 0.879883 0.600586 0.070312 0.029297
0 0.966309 0.629395 0.051758 0.055664
0 0.843262 0.665527 0.059570 0.038086
0 0.891113 0.839844 0.071289 0.035156
0 0.160645 0.116699 0.067383 0.030273
0 0.094238 0.089844 0.049805 0.058594
0 0.068848 0.182617 0.063477 0.064453
