0 0.348633 0.056152 0.058594 0.057617
0 0.036621 0.126953 0.061523 0.062500
0 0.015137 0.087402 0.030273 0.036133
0 0.147949 0.297852 0.069336 0.056641
0 0.100586 0.299316 0.044922 0.030273
0 0.275879 0.336426 0.055664 0.043945
0 0.246094 0.364258 0.089844 0.035156
0 0.173828 0.397461 0.056641 0.074219
0 0.122559 0.395508 0.038086 0.062500
0 0.066406 0.466797 0.060547 0.070312
0 0.292480 0.513184 0.041992 0.067383
0 0.404785 0.557129 0.073242 0.040039
0 0.443848 0.625488 0.061523 0.024414
0 0.568359 0.226562 0.042969 0.062500
0 0.933594 0.128906 0.052734 0.035156
0 0.007324 0.645996 0.014648 0.030273
0 0.398926 0.791016 0.063477 0.068359
0 0.414551 0.862305 0.036133 0.050781
0 0.708008 0.729980 0.050781 0.049805
0 0.755371 0.746094 0.038086 0.039062
0 0.977051 0.586914 0.045898 0.062500
