0 0.270020 0.624023 0.051758 0.037109
0 0.370117 0.463867 0.066406 0.021484
0 0.384277 0.399902 0.053711 0.028320
0 0.466309 0.420410 0.036133 0.059570
0 0.595703 0.391602 0.072266 0.037109
0 0.776855 0.525391 0.041992 0.023438
0 0.769531 0.583984 0.062500 0.046875
0 0.988770 0.329102 0.022461 0.039062
0 0.951172 0.291504 0.054688 0.041992
0 0.836426 0.255371 0.059570 0.051758
0 0.795898 0.253906 0.046875 0.050781
0 0.673828 0.216309 0.064453 0.043945
0 0.132324 0.057129 0.053711 0.047852
