1 0.827148 0.203613 0.056641 0.077148
1 0.814941 0.430176 0.030273 0.055664
1 0.818359 0.596680 0.039062 0.058594
1 0.518066 0.507812 0.047852 0.046875
1 0.471191 0.536133 0.075195 0.078125
1 0.126465 0.313477 0.038086 0.046875
1 0.085938 0.521973 0.052734 0.086914
1 0.025391 0.502441 0.050781 0.096680
1 0.023926 0.591309 0.047852 0.049805
1 0.068359 0.626953 0.048828 0.093750
1 0.032715 0.695801 0.065430 0.063477
1 0.104492 0.707031 0.052734 0.066406
1 0.156738 0.656250 0.057617 0.078125
1 0.239258 0.619141 0.095703 0.089844
1 0.190918 0.615723 0.047852 0.061523
1 0.257812 0.594238 0.039062 0.030273
1 0.315430 0.674805 0.072266 0.035156
1 0.312012 0.787109 0.075195 0.072266
1 0.281738 0.830078 0.061523 0.093750
1 0.270996 0.881836 0.055664 0.046875
1 0.022461 0.936035 0.044922 0.055664
1 0.025391 0.976562 0.050781 0.046875
