1 0.661133 0.037598 0.058594 0.059570
1 0.619629 0.073242 0.114258 0.060547
1 0.612793 0.117676 0.094727 0.051758
1 0.597168 0.153809 0.071289 0.024414
1 0.622070 0.182129 0.093750 0.055664
1 0.742188 0.186035 0.105469 0.055664
1 0.695801 0.213379 0.041992 0.069336
1 0.752930 0.243652 0.095703 0.081055
1 0.681152 0.282715 0.065430 0.049805
1 0.615234 0.319336 0.085938 0.046875
1 0.819336 0.270996 0.072266 0.081055
1 0.853516 0.295410 0.062500 0.059570
1 0.923340 0.348633 0.102539 0.085938
1 0.855957 0.349609 0.059570 0.083984
1 0.829590 0.371094 0.088867 0.062500
1 0.806641 0.438965 0.097656 0.086914
1 0.187988 0.192871 0.106445 0.081055
1 0.212402 0.349609 0.073242 0.076172
1 0.063965 0.067383 0.083008 0.101562
1 0.034180 0.143555 0.062500 0.068359
1 0.022949 0.174805 0.045898 0.062500
1 0.872559 0.777344 0.102539 0.080078
1 0.947754 0.864746 0.084961 0.083008
1 0.825684 0.821777 0.100586 0.063477
1 0.857910 0.865234 0.069336 0.056641
1 0.788574 0.854492 0.104492 0.072266
1 0.901367 0.919434 0.109375 0.071289
1 0.954590 0.966797 0.073242 0.066406
1 0.881836 0.962402 0.087891 0.075195
1 0.851074 0.963379 0.067383 0.073242
1 0.764648 0.943359 0.070312 0.099609
1 0.709961 0.956543 0.044922 0.086914
1 0.794922 0.979004 0.048828 0.041992
