1 0.159180 0.814453 0.046875 0.072266
1 0.017578 0.661133 0.033203 0.082031
1 0.012695 0.598633 0.025391 0.080078
1 0.010254 0.304199 0.020508 0.040039
1 0.319336 0.270020 0.029297 0.090820
1 0.327148 0.080078 0.027344 0.060547
1 0.580078 0.029785 0.064453 0.059570
1 0.605957 0.017578 0.041992 0.035156
1 0.908203 0.051270 0.025391 0.053711
1 0.975098 0.190918 0.049805 0.045898
1 0.958984 0.322754 0.029297 0.063477
1 0.664551 0.493652 0.071289 0.067383
1 0.639648 0.568848 0.046875 0.092773
1 0.670898 0.715332 0.044922 0.086914
1 0.623047 0.769043 0.074219 0.034180
