1 0.952148 0.902344 0.078125 0.091797
1 0.859863 0.738281 0.086914 0.048828
1 0.555664 0.768066 0.099609 0.065430
1 0.503906 0.927734 0.056641 0.097656
1 0.352539 0.744141 0.060547 0.070312
1 0.326660 0.877930 0.055664 0.062500
1 0.126465 0.945801 0.096680 0.063477
1 0.251465 0.586426 0.071289 0.086914
1 0.018555 0.620117 0.037109 0.101562
1 0.857910 0.444824 0.077148 0.086914
1 0.412109 0.386719 0.074219 0.083984
1 0.265137 0.317871 0.059570 0.081055
1 0.206543 0.324219 0.053711 0.062500
1 0.107910 0.236328 0.063477 0.087891
