1 0.965332 0.617188 0.036133 0.060547
1 0.948730 0.698242 0.069336 0.087891
1 0.769043 0.753418 0.049805 0.098633
1 0.924805 0.080078 0.082031 0.078125
1 0.708984 0.138184 0.068359 0.081055
1 0.541992 0.239258 0.085938 0.091797
1 0.448730 0.222168 0.081055 0.088867
1 0.383301 0.227051 0.047852 0.067383
1 0.333496 0.186035 0.041992 0.077148
1 0.202148 0.152344 0.078125 0.091797
1 0.276367 0.328125 0.039062 0.056641
1 0.187988 0.344238 0.055664 0.071289
1 0.094238 0.294922 0.049805 0.074219
1 0.355469 0.435059 0.082031 0.075195
1 0.396973 0.668945 0.049805 0.093750
1 0.401855 0.013184 0.084961 0.026367
