1 0.893066 0.041504 0.063477 0.065430
1 0.869629 0.069824 0.038086 0.045898
1 0.794922 0.140137 0.041016 0.061523
1 0.702637 0.196777 0.047852 0.079102
1 0.977539 0.411621 0.044922 0.063477
1 0.627930 0.333984 0.068359 0.068359
1 0.639648 0.502930 0.056641 0.080078
1 0.691406 0.552734 0.035156 0.054688
1 0.488770 0.499512 0.032227 0.057617
1 0.426758 0.472656 0.076172 0.078125
1 0.146973 0.503906 0.053711 0.083984
1 0.038574 0.602051 0.077148 0.086914
1 0.218262 0.666504 0.071289 0.053711
1 0.450195 0.684082 0.076172 0.040039
1 0.536621 0.663086 0.055664 0.085938
1 0.594727 0.750488 0.056641 0.073242
1 0.512695 0.734375 0.029297 0.062500
1 0.916992 0.869629 0.042969 0.094727
1 0.818359 0.935547 0.048828 0.097656
1 0.426270 0.900879 0.084961 0.051758
1 0.306152 0.912598 0.090820 0.063477
1 0.109863 0.837891 0.063477 0.099609
1 0.138672 0.950195 0.058594 0.058594
