1 0.971191 0.631836 0.057617 0.072266
1 0.924805 0.830078 0.082031 0.078125
1 0.708984 0.888184 0.068359 0.081055
1 0.541992 0.971680 0.085938 0.056641
1 0.448730 0.963867 0.081055 0.072266
1 0.383301 0.971680 0.047852 0.056641
1 0.333496 0.936035 0.041992 0.077148
1 0.202148 0.902344 0.078125 0.091797
1 0.109863 0.738281 0.086914 0.048828
1 0.107910 0.444824 0.077148 0.086914
1 0.401855 0.736816 0.084961 0.079102
1 0.938965 0.293945 0.063477 0.082031
1 0.701660 0.208496 0.071289 0.061523
1 0.603027 0.293945 0.086914 0.099609
