5 0.695801 0.145996 0.055664 0.057617
5 0.601074 0.290527 0.053711 0.051758
5 0.509277 0.273438 0.030273 0.083984
5 0.490234 0.268555 0.015625 0.052734
5 0.395508 0.145508 0.033203 0.078125
5 0.361816 0.189453 0.024414 0.048828
5 0.386719 0.317383 0.060547 0.044922
5 0.798340 0.393555 0.026367 0.056641
5 0.897949 0.422852 0.026367 0.074219
5 0.950684 0.410156 0.032227 0.064453
5 0.660156 0.564941 0.042969 0.053711
5 0.093750 0.347168 0.044922 0.067383
5 0.029297 0.375977 0.058594 0.027344
5 0.541504 0.187988 0.081055 0.040039
