5 0.337891 0.145508 0.025391 0.052734
5 0.691895 0.178711 0.024414 0.042969
5 0.785645 0.164551 0.026367 0.040039
5 0.820801 0.136719 0.028320 0.031250
5 0.833008 0.084961 0.015625 0.035156
5 0.894043 0.409180 0.034180 0.039062
5 0.906250 0.448730 0.015625 0.030273
5 0.871094 0.413086 0.015625 0.029297
5 0.708496 0.512207 0.026367 0.032227
5 0.705078 0.604492 0.015625 0.025391
5 0.537598 0.711914 0.043945 0.031250
5 0.817383 0.631836 0.039062 0.029297
5 0.754395 0.770508 0.041992 0.017578
5 0.928223 0.839844 0.040039 0.046875
5 0.856934 0.322754 0.028320 0.026367
