5 0.098145 0.491211 0.024414 0.042969
5 0.191895 0.477051 0.026367 0.040039
5 0.227051 0.449219 0.028320 0.031250
5 0.239258 0.397461 0.015625 0.035156
5 0.300293 0.721680 0.034180 0.039062
5 0.312500 0.761230 0.015625 0.030273
5 0.277344 0.725586 0.015625 0.029297
5 0.114746 0.824707 0.026367 0.032227
5 0.111328 0.916992 0.015625 0.025391
5 0.223633 0.944336 0.039062 0.029297
5 0.328125 0.177246 0.021484 0.034180
5 0.312988 0.206543 0.032227 0.032227
5 0.263184 0.635254 0.028320 0.026367
