5 0.375000 0.009277 0.044922 0.018555
5 0.729492 0.060547 0.033203 0.017578
5 0.768066 0.083008 0.040039 0.029297
5 0.549805 0.211426 0.021484 0.040039
5 0.473145 0.271484 0.030273 0.023438
5 0.371582 0.271973 0.024414 0.010742
5 0.307617 0.291504 0.023438 0.045898
5 0.512695 0.320801 0.021484 0.016602
5 0.462891 0.370605 0.046875 0.020508
5 0.368652 0.487793 0.026367 0.022461
5 0.324707 0.498535 0.034180 0.045898
5 0.802246 0.264648 0.014648 0.027344
5 0.980469 0.192383 0.039062 0.031250
5 0.658691 0.746094 0.034180 0.021484
