1 0.871094 0.984375 0.068359 0.031250
1 0.845215 0.962402 0.077148 0.047852
1 0.739258 0.981934 0.078125 0.036133
1 0.377441 0.755371 0.069336 0.059570
1 0.501953 0.652832 0.050781 0.069336
1 0.763184 0.751465 0.043945 0.049805
1 0.771484 0.791016 0.046875 0.052734
1 0.685059 0.829102 0.047852 0.058594
1 0.608398 0.814941 0.042969 0.047852
1 0.602051 0.777832 0.051758 0.038086
1 0.624512 0.756348 0.038086 0.034180
1 0.579102 0.740723 0.056641 0.047852
1 0.610352 0.710449 0.080078 0.043945
1 0.784668 0.659668 0.049805 0.057617
1 0.909668 0.699707 0.063477 0.049805
1 0.958984 0.671875 0.037109 0.054688
1 0.980957 0.700195 0.036133 0.050781
1 0.892578 0.659668 0.044922 0.040039
1 0.859863 0.638672 0.069336 0.046875
1 0.836914 0.605957 0.087891 0.043945
1 0.959961 0.627930 0.068359 0.042969
1 0.914062 0.600098 0.052734 0.040039
1 0.880371 0.562500 0.084961 0.037109
1 0.804199 0.509277 0.043945 0.063477
1 0.859375 0.516113 0.039062 0.061523
1 0.871094 0.424805 0.052734 0.050781
1 0.907715 0.467773 0.067383 0.060547
1 0.918945 0.500977 0.070312 0.039062
1 0.973633 0.522461 0.052734 0.046875
1 0.977539 0.564941 0.044922 0.065430
1 0.940918 0.538574 0.045898 0.045898
1 0.936523 0.267578 0.058594 0.062500
1 0.793945 0.267578 0.062500 0.070312
1 0.773926 0.314941 0.043945 0.045898
1 0.809570 0.315430 0.039062 0.044922
1 0.834473 0.291016 0.030273 0.062500
