1 0.060547 0.876953 0.060547 0.070312
1 0.111328 0.907227 0.082031 0.060547
1 0.106934 0.872559 0.047852 0.036133
1 0.294922 0.843750 0.050781 0.031250
1 0.311523 0.892578 0.074219 0.082031
1 0.221680 0.906250 0.064453 0.066406
1 0.222656 0.978027 0.044922 0.043945
1 0.257812 0.966309 0.046875 0.067383
1 0.308105 0.975098 0.061523 0.049805
1 0.593750 0.940918 0.058594 0.090820
1 0.913574 0.972168 0.092773 0.049805
1 0.861328 0.959473 0.017578 0.026367
1 0.846191 0.975098 0.067383 0.049805
