1 0.371582 0.297852 0.063477 0.048828
1 0.323730 0.333984 0.075195 0.078125
1 0.696289 0.148438 0.117188 0.068359
1 0.635742 0.193359 0.083984 0.072266
1 0.686035 0.271973 0.108398 0.061523
1 0.654297 0.410645 0.101562 0.106445
1 0.883789 0.422363 0.123047 0.059570
1 0.784668 0.575195 0.106445 0.062500
1 0.755371 0.610840 0.114258 0.069336
1 0.568359 0.629395 0.093750 0.094727
1 0.421387 0.666016 0.112305 0.070312
1 0.533203 0.714355 0.070312 0.081055
1 0.815918 0.746582 0.104492 0.075195
1 0.726562 0.756348 0.105469 0.083008
