1 0.581055 0.173828 0.064453 0.093750
1 0.540039 0.198730 0.054688 0.065430
1 0.502930 0.168457 0.072266 0.045898
1 0.477539 0.147949 0.070312 0.073242
1 0.226562 0.457520 0.046875 0.055664
1 0.972656 0.816895 0.054688 0.047852
1 0.985352 0.858398 0.029297 0.046875
1 0.857422 0.853516 0.064453 0.072266
1 0.946289 0.973145 0.044922 0.053711
1 0.885742 0.942871 0.109375 0.049805
1 0.919434 0.986328 0.069336 0.027344
1 0.857422 0.983887 0.054688 0.032227
1 0.786133 0.954102 0.060547 0.068359
1 0.822754 0.974121 0.071289 0.051758
