1 0.177734 0.008301 0.048828 0.016602
1 0.147949 0.017090 0.067383 0.034180
1 0.088867 0.018066 0.052734 0.036133
1 0.044434 0.056641 0.088867 0.082031
1 0.134766 0.058105 0.097656 0.073242
1 0.251465 0.167969 0.053711 0.042969
1 0.281250 0.196289 0.078125 0.080078
1 0.565918 0.814941 0.086914 0.083008
1 0.626953 0.861816 0.082031 0.061523
1 0.651367 0.927246 0.078125 0.061523
1 0.697266 0.971191 0.091797 0.057617
1 0.621094 0.962891 0.060547 0.074219
1 0.555176 0.952148 0.065430 0.087891
1 0.496582 0.968262 0.077148 0.063477
1 0.384766 0.934082 0.074219 0.045898
1 0.421387 0.958984 0.061523 0.082031
1 0.472168 0.987793 0.084961 0.024414
1 0.810547 0.876953 0.060547 0.070312
1 0.861328 0.907227 0.082031 0.060547
1 0.856934 0.872559 0.047852 0.036133
1 0.969727 0.906250 0.060547 0.066406
1 0.972656 0.978027 0.044922 0.043945
