1 0.435547 0.079590 0.052734 0.092773
1 0.374512 0.195312 0.086914 0.062500
1 0.322754 0.282715 0.092773 0.057617
1 0.277344 0.370605 0.078125 0.045898
1 0.434082 0.423828 0.045898 0.082031
1 0.412109 0.473145 0.044922 0.043945
1 0.465332 0.475586 0.049805 0.044922
1 0.312012 0.446289 0.079102 0.041016
1 0.537109 0.546387 0.046875 0.088867
1 0.318359 0.545898 0.074219 0.050781
1 0.374023 0.585938 0.046875 0.064453
1 0.413574 0.606934 0.043945 0.069336
1 0.438477 0.678223 0.068359 0.067383
1 0.334473 0.607422 0.043945 0.060547
1 0.298340 0.616699 0.053711 0.084961
1 0.319336 0.705566 0.072266 0.073242
1 0.388184 0.802246 0.098633 0.045898
1 0.388184 0.857422 0.061523 0.052734
