0 0.090332 0.031250 0.063477 0.062500
0 0.045410 0.139648 0.083008 0.048828
0 0.062500 0.302246 0.068359 0.038086
0 0.092773 0.340820 0.046875 0.054688
0 0.193848 0.391113 0.045898 0.084961
0 0.134277 0.473633 0.059570 0.066406
0 0.096680 0.507324 0.052734 0.028320
0 0.348633 0.806152 0.058594 0.057617
0 0.036621 0.876953 0.061523 0.062500
0 0.015137 0.837402 0.030273 0.036133
0 0.568359 0.972656 0.042969 0.054688
0 0.933594 0.878906 0.052734 0.035156
0 0.841309 0.495117 0.045898 0.046875
0 0.855469 0.147461 0.017578 0.056641
0 0.913574 0.211914 0.051758 0.042969
