2 0.313477 0.971191 0.031250 0.045898
2 0.627441 0.880371 0.063477 0.030273
2 0.718262 0.891602 0.024414 0.052734
2 0.677734 0.745117 0.044922 0.058594
2 0.740723 0.690918 0.030273 0.055664
2 0.357910 0.650391 0.038086 0.048828
2 0.108398 0.604492 0.035156 0.039062
2 0.312988 0.466309 0.059570 0.043945
2 0.220703 0.449707 0.054688 0.038086
2 0.755371 0.502930 0.043945 0.039062
2 0.623047 0.459473 0.048828 0.026367
2 0.643066 0.404785 0.028320 0.047852
2 0.435059 0.326172 0.049805 0.029297
2 0.261719 0.285645 0.046875 0.034180
2 0.426758 0.167480 0.044922 0.040039
2 0.260742 0.128906 0.042969 0.035156
2 0.297852 0.015625 0.048828 0.027344
2 0.491211 0.091309 0.035156 0.051758
2 0.601074 0.058594 0.045898 0.052734
