1 0.122559 0.121094 0.102539 0.080078
1 0.197754 0.208496 0.084961 0.083008
1 0.075684 0.165527 0.100586 0.063477
1 0.107910 0.208984 0.069336 0.056641
1 0.045410 0.198242 0.090820 0.072266
1 0.151367 0.263184 0.109375 0.071289
1 0.204590 0.320312 0.073242 0.085938
1 0.131836 0.310547 0.087891 0.083984
1 0.101074 0.311523 0.067383 0.082031
1 0.024902 0.287109 0.049805 0.099609
1 0.044922 0.349609 0.048828 0.095703
1 0.108398 0.394043 0.080078 0.092773
1 0.455078 0.284180 0.050781 0.082031
