0 0.786621 0.126953 0.061523 0.062500
0 0.739746 0.087402 0.081055 0.036133
0 0.897949 0.297852 0.069336 0.056641
0 0.850586 0.299316 0.044922 0.030273
0 0.975586 0.364258 0.048828 0.035156
0 0.923828 0.397461 0.056641 0.074219
0 0.872559 0.395508 0.038086 0.062500
0 0.816406 0.466797 0.060547 0.070312
0 0.716309 0.511719 0.067383 0.062500
0 0.740723 0.645996 0.047852 0.030273
0 0.689941 0.660645 0.038086 0.083008
0 0.028809 0.474609 0.057617 0.089844
0 0.086914 0.938477 0.048828 0.074219
