2 0.851562 0.511230 0.031250 0.051758
2 0.731445 0.625488 0.037109 0.047852
2 0.869629 0.091797 0.036133 0.048828
2 0.515137 0.050781 0.030273 0.050781
2 0.680664 0.283203 0.044922 0.031250
2 0.610352 0.273926 0.033203 0.026367
2 0.420898 0.424316 0.029297 0.041992
2 0.468750 0.669922 0.023438 0.048828
2 0.312012 0.479492 0.036133 0.056641
2 0.264160 0.490723 0.065430 0.055664
2 0.318848 0.680176 0.043945 0.036133
2 0.079102 0.593262 0.017578 0.059570
2 0.540527 0.823730 0.051758 0.040039
2 0.134277 0.794922 0.043945 0.035156
2 0.050781 0.185547 0.033203 0.046875
2 0.242676 0.041016 0.020508 0.074219
