1 0.877441 0.011230 0.047852 0.022461
1 0.917480 0.077637 0.059570 0.104492
1 0.959961 0.139648 0.080078 0.085938
1 0.974121 0.180176 0.051758 0.084961
1 0.889160 0.208008 0.073242 0.085938
1 0.833008 0.071777 0.097656 0.047852
1 0.592773 0.055664 0.105469 0.066406
1 0.718262 0.117188 0.075195 0.062500
1 0.753906 0.146484 0.083984 0.083984
1 0.863281 0.248535 0.046875 0.081055
1 0.929199 0.268066 0.094727 0.059570
1 0.744141 0.224609 0.072266 0.066406
1 0.773438 0.285645 0.066406 0.086914
1 0.936035 0.396973 0.061523 0.088867
