1 0.312012 0.037109 0.075195 0.072266
1 0.281738 0.080078 0.061523 0.093750
1 0.270996 0.131836 0.055664 0.046875
1 0.022461 0.186035 0.044922 0.055664
1 0.025391 0.243652 0.050781 0.081055
1 0.069336 0.270996 0.072266 0.081055
1 0.103516 0.295410 0.062500 0.059570
1 0.173340 0.348633 0.102539 0.085938
1 0.105957 0.349609 0.059570 0.083984
1 0.079590 0.371094 0.088867 0.062500
1 0.312988 0.352539 0.047852 0.074219
1 0.056641 0.438965 0.097656 0.086914
1 0.122559 0.777344 0.102539 0.080078
1 0.197754 0.864746 0.084961 0.083008
1 0.075684 0.821777 0.100586 0.063477
1 0.107910 0.865234 0.069336 0.056641
1 0.045410 0.854492 0.090820 0.072266
1 0.151367 0.919434 0.109375 0.071289
1 0.204590 0.966797 0.073242 0.066406
1 0.131836 0.962402 0.087891 0.075195
1 0.101074 0.963379 0.067383 0.073242
1 0.024902 0.943359 0.049805 0.099609
1 0.044922 0.979004 0.048828 0.041992
1 0.455078 0.940430 0.050781 0.082031
