1 0.876465 0.313477 0.038086 0.046875
1 0.365723 0.305664 0.092773 0.052734
1 0.486816 0.339844 0.061523 0.072266
1 0.541504 0.398438 0.043945 0.048828
1 0.468262 0.389648 0.106445 0.072266
1 0.449707 0.423828 0.055664 0.048828
1 0.373047 0.375977 0.062500 0.082031
1 0.399902 0.457031 0.059570 0.078125
1 0.527344 0.550293 0.085938 0.079102
1 0.581543 0.541504 0.036133 0.047852
1 0.835938 0.521973 0.052734 0.086914
1 0.759277 0.502441 0.083008 0.096680
1 0.703125 0.532227 0.103516 0.060547
1 0.753418 0.591309 0.088867 0.049805
1 0.818359 0.626953 0.048828 0.093750
1 0.677734 0.599609 0.078125 0.082031
1 0.728516 0.655762 0.103516 0.083008
1 0.776367 0.695801 0.078125 0.063477
1 0.854492 0.707031 0.052734 0.066406
1 0.906738 0.656250 0.057617 0.078125
1 0.970703 0.619141 0.058594 0.089844
1 0.940918 0.615723 0.047852 0.061523
1 0.661133 0.787598 0.058594 0.059570
1 0.619629 0.823242 0.114258 0.060547
1 0.612793 0.867676 0.094727 0.051758
1 0.597168 0.903809 0.071289 0.024414
1 0.622070 0.932129 0.093750 0.055664
1 0.742188 0.936035 0.105469 0.055664
1 0.695801 0.963379 0.041992 0.069336
1 0.752930 0.976562 0.095703 0.046875
1 0.187988 0.942871 0.106445 0.081055
1 0.063965 0.817383 0.083008 0.101562
1 0.034180 0.893555 0.062500 0.068359
1 0.022949 0.924805 0.045898 0.062500
