1 0.909180 0.814453 0.046875 0.072266
1 0.596191 0.852051 0.026367 0.069336
1 0.522461 0.899902 0.035156 0.061523
1 0.380859 0.929199 0.041016 0.047852
1 0.353027 0.977051 0.055664 0.045898
1 0.767578 0.661133 0.033203 0.082031
1 0.753418 0.598633 0.043945 0.080078
1 0.562988 0.505371 0.051758 0.069336
1 0.650391 0.374023 0.058594 0.042969
1 0.750977 0.304199 0.039062 0.040039
1 0.713867 0.237793 0.044922 0.088867
1 0.583984 0.121094 0.089844 0.037109
1 0.563477 0.102051 0.029297 0.016602
