1 0.896973 0.503906 0.053711 0.083984
1 0.785156 0.602051 0.083984 0.086914
1 0.966309 0.666504 0.067383 0.053711
1 0.859863 0.837891 0.063477 0.099609
1 0.888672 0.950195 0.058594 0.058594
1 0.738281 0.963379 0.052734 0.073242
1 0.659180 0.976562 0.041016 0.046875
1 0.579590 0.881348 0.083008 0.053711
1 0.486328 0.980957 0.083984 0.038086
1 0.416504 0.903320 0.055664 0.060547
1 0.462402 0.770020 0.094727 0.079102
1 0.206543 0.718262 0.055664 0.104492
1 0.027832 0.832520 0.055664 0.106445
