1 0.774902 0.062500 0.061523 0.066406
1 0.765625 0.118652 0.031250 0.049805
1 0.677734 0.247070 0.039062 0.080078
1 0.595215 0.253418 0.041992 0.069336
1 0.508301 0.387695 0.049805 0.082031
1 0.978027 0.320801 0.043945 0.051758
1 0.872070 0.435547 0.046875 0.068359
1 0.552734 0.567871 0.041016 0.077148
1 0.588379 0.612305 0.043945 0.060547
1 0.392090 0.562988 0.030273 0.043945
1 0.351074 0.561035 0.045898 0.077148
1 0.050781 0.574219 0.052734 0.082031
1 0.136719 0.727539 0.074219 0.042969
1 0.358398 0.733887 0.082031 0.040039
1 0.447754 0.726562 0.063477 0.085938
1 0.491211 0.812988 0.039062 0.071289
1 0.425293 0.789551 0.024414 0.036133
1 0.349121 0.944336 0.073242 0.037109
1 0.227051 0.964844 0.079102 0.050781
1 0.039551 0.904297 0.057617 0.076172
1 0.840820 0.971680 0.039062 0.056641
